Car 292 427 308 427 308 464 292 464
Car 357 533 367 546 335 573 325 560
Car 353 500 364 511 338 536 328 525
Car 353 462 364 473 337 501 325 489
Car 352 427 364 441 333 467 322 454
Car 354 392 365 403 337 430 327 418
Car 212 472 195 472 195 433 211 433
Car 208 420 191 422 185 380 202 377
Car 292 427 308 427 308 464 292 464
Car 357 533 367 546 335 573 325 560
Car 353 500 364 511 338 536 328 525
Car 353 462 364 473 337 501 325 489
Car 352 427 364 441 333 467 322 454
Car 354 392 365 403 337 430 327 418
Car 212 472 195 472 195 433 211 433
Car 208 420 191 422 185 380 202 377
Car 292 427 308 427 308 464 292 464
Car 357 533 367 546 335 573 325 560
Car 353 500 364 511 338 536 328 525
Car 353 462 364 473 337 501 325 489
Car 352 427 364 441 333 467 322 454
Car 354 392 365 403 337 430 327 418
Car 212 472 195 472 195 433 211 433
Car 208 420 191 422 185 380 202 377
